2076.05 -7823.86
4435.67 -9747.52
-6526.31 -7670.18
7353.22 5521.17
-5719.27 -3737.8
-1235.7 -8475.39
-5818.86 2340.34
-5900.68 7321.3
9070.04 237.979
-278.658 -3397.27
2037.4 2575.91
-6656.14 -9785.58
-6278.15 3129.1
-9171.61 -7250.67
-1939.12 9219.08
5055.72 -8490.12
6563.26 8784.3
-2241.18 -7510.62
9066.94 8058.48
-1127.5 -9865.09
-2603.15 8816.67
1794.32 -2828.13
7613.43 -1110.11
2434.15 -9291.58
-3609.99 6921.4
7954.74 -4695.59
1216.27 1879.74
-7126.4 6667.61
2511.49 -9381.27
9051.01 400.251
7025.39 -4305.71
-6135.87 -5629.9
-1656.87 -7062.14
6574.3 -5713.37
-4648.3 -3930.78
-4603.18 -5671.58
-2322.13 -8021.76
-1733.7 1673.02
-1553.65 7782.99
8735.78 2335.82
-1796.27 -9856.2
6906.48 -2724.34
-7942.08 -2589.95
-9364.77 6293.26
-9208.03 631.463
-6994.44 4414.28
-9138.31 -7526.74
-1868.03 3970.23
7595.58 -1035.05
3963.32 -8466.66
920.393 9053.08
-4809.03 -5414.22
3145.15 468.568
-4774.08 1993.3
1311.21 -2522.51
4185.42 4375.89
5524.33 7383.9
1200.8 1772.24
6053.74 5129.73
-4546.95 -652.523
-6956.39 3871.07
1087.8 2677.44
-206.172 -5134.77
-122.622 -908.504
-9221.77 9676.72
-3445.74 7365.27
8025.66 7195.33
-8043.92 5813.77
-8003.55 4302.07
4848.83 -5743.01
-2724.38 -8736.93
-1567.72 -8641.29
5785.86 2951.34
3136.5 -4845.66
-1086.36 1518.72
5062.75 9660.98
-7956.52 -5244.97
7821.41 -5600.33
-4818.29 -1011.05
7225.29 -4502.52
6088.13 3269.58
-8168.1 -1241.93
6862.89 4601.81
2590.84 4231.12
-7633.92 -3370.35
-5532.87 9017.25
-7060.67 -8672.3
4633.72 -1023.15
3879.47 2270.65
2822.12 -8669.07
-1117.96 -9475.39
7058.16 6487.08
8272.9 2551.78
7698.44 7732.28
-3490.71 -8398.57
5252.97 6746.44
7375.71 3624.96
4763.37 -2102.47
3785.72 6570.2
5290.61 -742.521
